CS1	CS2	CS3	CS4	CS5	CS6	CS7	CS8	CS9	CS10	CS11	CS12	CS13	CS14	CS15	CS16	CS17
IM_100	0.0324686937982805	0.292984395212451	0.369660026727145	0.146398405304263	0.0318895023523229	0.118626964283765	0	0	0	0	0	0	0.00797201232177328	0	0	0	0
IM_101	0.0980732831212036	0.418623897343679	0.128242787562132	0.247511227854709	0	0	0	0	0.00574642163165122	0.0796497251765711	0	0.022152657310054	0	0	0	0	0
IM_102	0.612389042454472	0.156005495221938	0.0248045998425671	0.0110149123341129	0.0381622596078097	0.0585257298582017	0	0.069747025471917	0	0.0052177216999993	0	0	0.00563375713389685	0.0176260548136166	0	0.000873401561468776	0
IM_104	0.611681597340326	0.077924973449494	0.0255709250832337	0.0298833516290128	0.1257777920608	0.0354694133431383	0	0.0564641052964504	0	0	0	0	0.0019269666859254	0.0285498028674492	0.00472572041470269	0.00202535182946794	0
IM_107	0.0309909367389467	0	0.187061282602781	0.471857915614597	0.217078238711693	0	0	0.00280515530799817	0	0	0	0	0.0799525200859318	0	0.0102539509380525	0	0
IM_108	0.218312197035891	0.0291020837498409	0.312154607750265	0.18459033314679	0.0603487065149931	0	0.0668652803352322	0.107772918761899	0.00681891692235332	0.00127704114944223	0	0	0	0.00747050604990639	0	0.00528740858338658	0
IM_11	0.302649997397307	0.322957320142449	0.159837172484863	0.0109176832358781	0.0464876167690249	0	0.0387942145211711	0.0699839272863784	0.026729718804893	0	0	0	0	0.0150010839262787	0	0.00664126543175682	0
IM_110	0.359138840013317	0.279938236524867	0.0125725651565294	0.0694775768009451	0.096261245234551	0	0.118939975270554	0	0	0	0	0	0.0506798986357724	0.0129916623634629	0	0	0
IM_111	0.744519666152423	0	0.0171382163644487	0.0291347421989978	0.0305852237722913	0.0605596613752667	0	0	0	0.00755148118433712	0	0	0.0441278482191772	0.0435673441358851	0.0177048087252211	0.0051110078719515	0
IM_112	0.450734892036532	0.190268797008042	0.170320030211075	0.0483959334854167	0.0452061604377643	0.0735010765252144	0	0	0	0	0	0	0.00625942817994527	0.0153136821160107	0	0	0
IM_113	0.191873271315485	0.0708563469919431	0.221989937466208	0.179287025120977	0.0696953989422103	0	0.0755803243374333	0.151498295248593	0	0	0	0	0.0337410148519847	0.00547838572516577	0	0	0
IM_115	0.270063022787801	0.278172797799066	0.392865723652501	0.00803422480227485	0.0204643674638515	0	0	0	0.00505993265833848	0.0131026836037674	0	0	0	0.0122372472323997	0	0	0
IM_116	0.103967181580039	0.412782328404262	0.283497215904739	0.11857568338104	0.0324471591968655	0.0370222390005658	0	0	0	0	0	0	0.00890949646459089	0.00279869606789743	0	0	0
IM_117	0.125667950813498	0.120399607514674	0.235811511990659	0.288980092620277	0.082362121580208	0	0.014403779944305	0.102472864701219	0	0	0	0	0.0278733589285588	0	0	0.00202871190660187	0
IM_118	0.146588404467807	0.152187732115503	0.200480455141145	0.206703797963347	0.07068543041866	0	0.0195637691329807	0.179160060410397	0	0	0	0	0.022788377835528	0	0	0.00184197251463172	0
IM_119	0.218555700876682	0.138196626892794	0.0974154058869717	0.189434721707229	0.07805064304612	0	0.0585361236266787	0.172115143881959	0	0	0	0	0.0426849899976929	0.00501064408387293	0	0	0
IM_120	0.403693962268858	0.194576758922032	0.128129286205273	0.0428922470850138	0.069411568155008	0.0302837568691204	0	0.112216873711745	0	0	0	0	0.00229315551745223	0.0148940580560331	0	0.00160833320946446	0
IM_121	0.34626619196583	0.235577218472984	0.148141219705976	0.103791055030615	0.0420338504953791	0	0	0.0717659868608884	0.0379525361562267	0	0	0	0	0.0144719413121008	0	0	0
IM_123	0.373419643453147	0.265652743828152	0.102856485164674	0.104824298152491	0.0432561458855257	0	0	0.0776565426176446	0.0238314833947479	0	0	0	0.00214318379092132	0.00207341147665204	0	0.00428606223604424	0
IM_124	0.339411683950184	0.384775658209015	0.215703602982412	0	0.023192106825371	0	0.0193509373272004	0.0105027375032832	0	0	0	0	0	0.00706327320253528	0	0	0
IM_125	0.241955365680697	0.44115651727949	0.0384418784638342	0.0142329305521853	0.0947709927702695	0	0	0.163390966062537	0	0	0	0	0	0.00605134919098733	0	0	0
IM_126	0.272504438031574	0.301458390448823	0.263638683919499	0.0923036479935998	0.0258579525939179	0	0	0	0.00213652532036825	0.0141026422769457	0	0.0118193488398984	0	0.0161783705753735	0	0	0
IM_127	0.6469966676195	0.189943587712729	0.0353551159502466	0	0.0515432185932677	0.0267422325757625	0	0	0	0.0153673758262462	0	0	0	0.0282207437380296	0	0.00331611353235624	0.0025149444518618
IM_128	0.544032526879833	0.185557562940729	0.0627352098491797	0.0203809357369361	0.0749840318989012	0.0371825592705435	0	0.037053811790653	0	0.00659330024498317	0	0	0	0.0255754830394781	0	0.00352785411331981	0.00237672423544389
IM_129	0.773311473765623	0	0.0196279372614754	0.00494081051243265	0.0449717290672842	0.0879828618307857	0	0	0	0.0103968583877919	0	0	0.00668192291502548	0.0418719595369494	0	0.00569399264037379	0.00452045408225837
IM_13	0.181048083576451	0.133136434284582	0.0307692867626944	0.216872052994251	0.106957056824983	0	0.0642037748216333	0.188020102673201	0	0	0	0	0.0718366511015055	0.00184593902788083	0.000411638701019745	0.00489897923179873	0
IM_130	0.407404159798238	0.258307619932161	0.127802023822941	0.0702230142499245	0.0441279468354061	0.022032062866408	0	0.042257058346802	0	0	0	0	0.00863351309490341	0.0189236723786031	0	0.000288928674614388	0
IM_131	0.515305175703086	0.198376139431365	0.0638183074005639	0.00888326108485403	0.0301741792254016	0.063416544612564	0	0.0854864899810041	0	0	0	0	0.0111427918428459	0.0233971107183154	0	0	0
IM_132	0.885533541552987	0	0.0220389208450761	0	0.00611508777293255	0	0	0	0.00518312965816778	0.00947232257786129	0.0104311265911513	0.00207964874139257	0.0157452481948986	0.0406457621240574	0	0.00275521194147546	0
IM_133	0.848691635020131	0	0.0324493149139684	0.0185005551766543	0.0150715094119263	0	0	0.0199406793341757	0	0.0318941020552837	0	0	0	0.031024135907886	0	0	0.00242806817997395
IM_134	0.907185801930668	0	0.00448008171618617	0	0.00249808826941506	0	0	0	0	0.0267432150204178	0	0.00259821161820345	0.0130825018133976	0.0434120996317118	0	0	0
IM_135	0.299750730711116	0.261424881770058	0.191553345809107	0.0553306335441421	0.0510043381465362	0.120230995180128	0	0	0	0	0	0	0.0107822793284824	0.00883709767181269	0	0.000407410042721627	0.000678287795895734
IM_136	0.537973797915531	0.137845604982523	0.0211320709948472	0.0580501819805968	0.0694315789738465	0.0444962632907044	0	0.0772899301407245	0	0.00174770833793482	0	0	0.0222446821387409	0.0276454639469815	0	0.00214271729756855	0
IM_138	0.21391075078942	0.364177632448205	0.0589369689761577	0.17303770727835	0	0.0582720785352656	0	0	0	0.127253487620836	0	0	0.00139939814836955	0.00301197620339706	0	0	0
IM_139	0.861770927198553	0	0.0240790669302936	0.006555042327543	0.0110823047933036	0.0542776369247243	0	0	0	0.0262315154958939	0	0	0	0.0140112206212666	0	1.87361356328615e-06	0.00199041209485881
IM_14	0.31197523000361	0.0418951001330431	0.213241688610287	0.134642551410506	0.0755072032852626	0	0	0.206817300821028	0	0.00512263833678626	0	0	0	0.0107982873994775	0	0	0
IM_140	0.632207983190164	0.00432839045526145	0.10493492362915	0	0.0262579612344402	0.188248472607703	0	0	0	0.0133728783336766	0	0	0.00109651578218934	0.0292597873381908	0	0	0.000293087429224279
IM_142	0.880153876002138	0	0.00518926359893678	0.00969461713750059	0.0255807227716866	0.00288087412361001	0	0.00602476487999494	0	0.0269117995047161	0	0	0.00516352738986815	0.0381289287019135	0	0.000271625889635479	0
IM_145	0.248081577582726	0.194333721826842	0.0460922543981572	0.0594824427625712	0.0610512939674956	0	0.105116068711775	0.263133813890193	0	0.000158002971580756	0	0	0.0189652916412924	0.00358553224736645	0	0	0
IM_146	0.171788244481189	0.543677320209659	0.171304234162843	0.0537985294870163	0.0165676850192039	0.0214324180705835	0	0	0.00717073487588703	0.00931870259902561	0	0	0	0.00494213109459293	0	0	0
IM_148	0.307566001404104	0.411946857670237	0.0424330208113093	0	0.0705713368230532	0	0	0.153791490683317	0	0	0	0	0.00450594930054368	0.00702760260275628	0	0	0.00215774070467994
IM_149	0.651938107008099	0.148264988958235	0.0607668941360724	0.0458278235932389	0.0421699456950891	0	0	0	0.00740391545076068	0.0199126748309607	0	0.0232951772002382	0	0.000420473127306013	0	0	0
IM_15	0.315517996983097	0.0489703175071097	0.121078264675115	0.142585584828264	0.119913189088452	0	0.0365059614185234	0.205537640097519	0	0.00270487324175958	0	0	0	0.00718617216016002	0	0	0
IM_152	0.33114553409707	0.245623308279606	0.0800120745811671	0.124656882076174	0.138625485873578	0	0.0333126953468393	0	0	0	0	0	0.0282811937716968	0.00787282014594959	0	0.0104700058279198	0
IM_153	0.336964671471576	0	0.30090046810657	0.190540615313389	0.127958611576149	0	0	0.0339061818354368	0	0	0	0	0	0.00972945169687852	0	0	0
IM_154	0.226056639625527	0.139233977730879	0.337735118075596	0.162358259524119	0.0586642115708589	0	0.0407777402610663	0	0	0.0351740532119532	0	0	0	0	0	0	0
IM_155	0.0584663016699706	0.133190212067941	0.252952365630442	0.369306122518436	0.036082947318291	0.0469622928408845	0	0	0	0.0903053003936718	0	0	0.0121671214096364	0.000357916396905667	0	0.000209419753820641	0
IM_158	0.26285975448172	0.2633496199356	0.163027365403447	0.0494096060067082	0.0363812542106915	0	0.0556479770254776	0.124135609558029	0.0272610647970213	0	0	0	0	0.00518460367433115	0	0.0127431449069747	0
IM_159	0.655643767982529	0.0314758785222977	0.118437033373665	0.0574081182025999	0.0129768858453022	0.0491230815684837	0	0	0.0129556414344327	0.0189435095556649	0.0117892340020389	0	0.00100621654562013	0.0302406329673656	0	0	0
IM_160	0.326173267505042	0.456364118645238	0.116412841394323	0.0254796662363609	0.00113531219367298	0.0534912723035103	0	0	0.00145253397526406	0.0126986073264035	0	0.00447757179742829	0	0.00231480862275678	0	0	0
IM_166	0.785088488962498	0.00936415688269445	0.0240755421139067	0.0238723398738959	0.0497514792976814	0.0424404592431944	0	0	0	0	0	0	0.022228398709117	0.0431791349170122	0	0	0
IM_167	0.34636600924389	0.263530297347991	0.129680435290591	0.0739776076334955	0.0913431554844871	0	0	0.0697969300560037	0	0	0	0	0.00632681654912281	0.0189787483944197	0	0	0
IM_169	0.114985571393625	0.271100622638037	0.367994575776946	0.16922051797071	0.0434834842121796	0.00899818526901116	0	0	0	0.00276185719485934	0	0	0.0173465589478261	0.00410862659680499	0	0	0
IM_170	0.209536983366848	0.360230468511502	0.13740371496318	0.0402965911341545	0.0672135676746081	0	0.0318035582668505	0.132407203888374	0	0	0	0	0.0132142627138247	0.00789364948065892	0	0	0
IM_171	0.210907475514569	0.200893020755587	0.229167922429509	0.11471830307945	0.0668463563893651	0	0.00623329337325338	0.160364969760313	0	0	0	0	0.00348906753591577	0.00737959116203698	0	0	0
IM_172	0.255593720332013	0.0760605145162421	0.228491706414095	0.0655353513850237	0.0328291698262803	0	0.0776655755343026	0.251643100247432	0	0	0	0	0	0.00685676241960687	0	0.00532409932500535	0
IM_174	0.159032569997548	0.0393012241817101	0.232046752414457	0.254582523865513	0.0320249202752465	0	0	0.2746880865567	0	0	0	0	0.00832392270882456	0	0	0	0
IM_18	0.21114260513636	0.340321737377248	0.200505932002223	0.0604309545160769	0.0803260229197784	0	0.0404629104295014	0.0617830539232087	0	0	0	0	0	0.00502678369560458	0	0	0
IM_180	0.504947263069076	0.169255279561848	0.16448579447536	0.0738559913176183	0.0206360725085237	0.0320780141105254	0	0	0	0	0	0	0.0209687076079509	0.0125157241896751	0.00125715315942333	0	0
IM_182	0.312998621561272	0.308807338316153	0.183248357925405	0.119819322395386	0.0427438080686383	0	0	0	0.00723904722589029	0	0	0	0.024375361260849	0.000768143246406052	0	0	0
IM_184	0.568892236842342	0.214022183156138	0.107569167408886	0.00234920937020514	0.0285697750006457	0.0273321773685395	0	0.0185607153600542	0	0.00800901623184517	0	0	0.00614250649077874	0.0185530127705656	0	0	0
IM_185	0.455836590153942	0.195107905888783	0	0.112252693526456	0.0612670413322417	0	0	0.0250540756696518	0	0	0	0	0.0993728908564796	0.0234490101508255	0.0189556769338378	0.00870411548778288	0
IM_186	0.640743078246882	0.0584376628248034	0.0858282235412601	0.0555547109494919	0.0431912102075766	0.0195842140639643	0	0.0339808039644953	0	0	0	0	0.0132635026171596	0.0371906969775787	0.000590830294019906	0.0116350663127678	0
IM_188	0.481068274430109	0.0216077087480538	0.138953160280362	0.0931699912317618	0.0591514710417233	0	0	0.130913642279221	0.0398136350335963	0	0	0	0.00403562070073219	0.0259100597987036	0	0.00537643645573645	0
IM_189	0.647899500957792	0	0.0381689968318692	0.112543374978409	0.0755860148878423	0	0	0.00760892065930333	0.0628633065622313	0	0	0	0	0.0365370936017171	0	0.0187927915208359	0
IM_19	0.151999850359357	0.237682607994368	0.246213556412935	0.121779762359197	0.0845299812141717	0	0.0807766127540948	0.075257094546335	0	0	0	0	0	0.00176053435954181	0	0	0
IM_190	0.344188524963684	0.195331032651057	0.103488503864699	0.140970735852215	0.0638392217232139	0.0642082452713843	0	0	0	0.0480869356090364	0	0	0.00918276988612954	0.0214760067753961	0	0.00738652872620975	0.00184149467697426
IM_191	0.598651275754338	0.253180591052544	0.00168847444870746	0	0.0730218184559819	0.010779408033481	0	0	0	0.00939427142992111	0	0	0.0209580192850571	0.0323261415399699	0	0	0
IM_192	0.492390077526092	0.244282773895723	0.0336832242653183	0.0221817286820611	0.092450269581143	0.00348513150317423	0	0.073910025388661	0	0	0	0	0.0127228623319773	0.0248939068258496	0	0	0
IM_193	0.141420036752374	0.181980912320487	0.318680464110992	0.253915270822199	0.0105158913331215	0.00316553614273858	0	0	0	0.0691949877405208	0	0	0.0088711239504582	0.00331619925978908	0	0.00893957756731995	0
IM_194	0.356381174771369	0.207184987405142	0.170401683353431	0.12983936232631	0.054764304200554	0	0	0.00681734057069148	0.0335081331631965	0	0	0	0.0183435093311497	0.0124593123310547	0	0.0100226613900752	0.00027753115702716
IM_195	0.111628454252111	0.0822576422728453	0.369595349297232	0.305029549301077	0.0573311487897371	0	0	0	0	0.0211783193603623	0	0	0.0154262238348345	0.00460596246616245	0	0.0329473504256388	0
IM_196	0.242797871177546	0.215968129385933	0.204400580845664	0.152343570884937	0.0745219961620259	0	0	0.0884805731666054	0.00225260086783447	0	0	0	0.0109536991039597	0.00429694231611309	0	0.00398403608938122	0
IM_198	0.71304183724663	0.0562054172131565	0.0425936834002631	0.0183461554731018	0.020351616820057	0	0.00789426337655978	0.0946220941102587	0.00557541640987521	0.00471208121771166	0.0106828444073167	0	0.00528993522651304	0.0154624645837117	0	0.00522219051484502	0
IM_199	0.572647319346062	0.119241897362609	0.0932979378939147	0.0293513896577839	0.0100355756324166	0	0	0.12203029446669	0.0159109373921257	0	0.018793510704633	0	0.00486749540495927	0.0102912613854978	0	0.00353238075330756	0
IM_22	0.322758941516189	0.365717924156207	0.146721691750571	0.0341040106941306	0.0152346626220424	0	0.0439850585515108	0	0.00514305288146342	0.036821537942374	0	0.0103852824941247	0	0.0191278373913864	0	0	0
IM_23	0.0487638819927289	0	0.392667652483721	0.421716145644258	0.0518493704074806	0	0	0	0	0.0849325109339093	0	0	0	7.04385379025677e-05	0	0	0
IM_25	0.0747805283961367	0.347742012453529	0.224519611241691	0.171726246270105	0.069007782954798	0	0	0.106993544400758	0	0	0	0	0.00523027428298216	0	0	0	0
IM_27	0.473282236108124	0.0535436640277468	0	0.156431247591876	0.0849658039286841	0.103110663707417	0	0	0	0	0	0	0.0862128718374607	0.0216378879711535	0.0208156248275375	0	0
IM_28	0.20459471288586	0.233156841880825	0.00681897631458338	0.151859725192864	0.0871951482824371	0	0.186125834748967	0.00867345853503938	0	0	0	0	0.10248479244734	0.00717889085037385	0	0.0119116188617102	0
IM_29	0.2239601098739	0.149904535988248	0	0.199786047486282	0	0	0.0715546679619321	0	0.181563450975457	0	0	0.0147492683821747	0.083037429615695	0.00356539680233701	0	0.071879092913974	0
IM_30	0.183972755574097	0.156957167542948	0.0503911984401338	0.129292995738672	0.0529579303345496	0	0.202729902243464	0.117403832226376	0	0	0	0	0.0931692456337994	0.00274076701391499	0	0.0103842052520447	0
IM_31	0.177338197663911	0.192343747464315	0.0328116051671901	0.148434679432486	0.0794359367787627	0	0.167719495048546	0.0948544842242203	0	0	0	0	0.0914834046208126	0.00283826323881961	0	0.0127401863609377	0
IM_32	0.208169129170123	0.108072986352501	0.073107327612113	0.104992654182209	0.0434448344021101	0	0.163421230125153	0.237010871526118	0	0	0	0	0.0601104705965529	0.0016704960331195	0	0	0
IM_33	0.201584227833423	0.135696322420663	0.0475315147752048	0.170848573442407	0.0825176851327509	0	0.138462538371697	0.120525993485905	0	0	0	0	0.0918022553194756	0.00349452866747335	0	0.00753636055099955	0
IM_34	0.212919056473362	0.154691004330931	0.040483862365976	0.139870270818131	0.0948542697417693	0	0.170406956167179	0.102512730056971	0	0	0	0	0.0763198772340151	0.0042901318077334	0	0.00365184100393182	0
IM_35	0.204125609126142	0.0798484571132538	0	0.354911198146491	0	0	0.0329775713958521	0	0.0382134343522617	0	0	0.0490187892768126	0	0.00901458360723195	0	0.231890356981955	0
IM_37	0.233466513809378	0.136696363796664	0.275931684638	0.198571085521646	0.0552826727877804	0	0.00453156943930266	0	0.0760686962578417	0.00248031923608554	0	0.00677720481103358	0	0.0101938897022689	0	0	0
IM_38	0.490135414345629	0.128377567605507	0.0792794193120915	0.123151265512125	0.073700790938751	0	0	0.0249837952054028	0.026267468665649	0	0	0	0.0287672021478308	0.0253370762670138	0	0	0
IM_39	0.202589394234907	0.164865230774807	0.163271002709387	0.129096806800504	0.107903108789499	0	0.0918356926224653	0.122279574328822	0	0	0	0	0.0111912400073412	0.00696794973226828	0	0	0
IM_40	0.233676115843919	0.174917966636323	0.182820067525831	0.118013351037004	0.0864312849309589	0	0.0891652474096812	0.0996080761587402	0.00812738389960502	0	0	0	0	0.00724050655793785	0	0	0
IM_42	0.383203524056194	0.106954421229683	0.0852393038790946	0.0803189797257664	0.0946504665989718	0	0	0.235334700679256	0	0	0	0	0	0.0142986038310345	0	0	0
IM_45	0.225411320069019	0.162888654896166	0.0155260468426281	0.234138328225498	0	0	0.156568590157659	0	0	0	0	0	0.198048408131727	0.00552772322578641	0	0.00189092845151784	0
IM_46	0.215599810222605	0.079235927658622	0.0219557876435279	0.323205286593207	0.0248817639041602	0	0.120476554928799	0	0	0	0	0	0.198927246500509	0.00715972940794808	0	0.00855789314062049	0
IM_47	0.315260412792467	0.208020354900352	0.00354373291202363	0.138411796725238	0.13080246446036	0	0.106194030979333	0	0	0	0	0	0.0820065859447404	0.0157606212854854	0	0	0
IM_48	0.270748488027633	0.122610693319941	0	0.213478563046227	0.0578978856114044	0	0.176723004555615	0	0	0	0	0	0.148813548736095	0.00972781670308462	0	0	0
IM_49	0.139788811913515	0.191418772897106	0.0117165779396122	0.319822674545019	0.155942305230361	0	0.0361342733293136	0.0184760866506636	0	0	0	0	0.120547088428016	0.00380000537675437	0.0023534036896382	0	0
IM_50	0.169512606141602	0.150381564008856	0.00273522918640049	0.252965182058256	0.146762524498889	0	0.161598623565223	0	0	0	0	0	0.108077502213905	0.00661030081572211	0	0.00135646751114685	0
IM_54	0.273386942375633	0.231755828694858	0	0.135180763741448	0	0	0.0878223799084828	0	0.107172611658396	0	0	0.0168388575674502	0.141087438887595	0.00675517716613767	0	0	0
IM_55	0.238612915956331	0.116472153679177	0.0883590004033298	0.13865033667809	0.147012915630282	0	0.0364643005676732	0.197008188758494	0	0	0	0	0.0316875123034104	0.00573267602321304	0	0	0
IM_56	0.218765724847945	0.43696915692989	0.149692707038194	0.0939480321789063	0	0.0402831918593627	0	0	0	0.0564575860071337	0	0	0.000958792747817025	0.00292480839075025	0	0	0
IM_57	0.460817495227799	0.161438551564358	0.15989626444277	0.0523340021841695	0.0196437129552997	0.079166104317405	0	0	0.0234192359079284	0.00498758701259946	0	0	0.00863887549108389	0.0272462441499196	0	0.00241192674666796	0
IM_58	0.355248239755262	0.264460520870663	0.0982242260399978	0.103908612224856	0.0777885537818643	0	0	0.0397520512649533	0.0421225191870401	0	0	0	0.00561050266029248	0.0128847742150702	0	0	0
IM_59	0.193731660856294	0.1992629081921	0.229680993603226	0.234025913435103	0.0701496978296012	0	0	0	0.0120952319017754	0.0214618517633725	0	0	0.00954243264315984	0.00736620048780044	0	0.0226831092875679	0
IM_6	0.760574753149082	0.0156191121995651	0.0840796433837621	0	0	0.0253458464666176	0.0179034671999533	0	0.0615699392054738	0.004917454576657	0	0.00577306566353869	0	0.0222057225441836	0	0.00201099561116651	0
IM_65	0.273376629995012	0.0971358393792344	0.168735056194436	0.175794225640349	0.0321183359005503	0	0	0.224909434706846	0	0	0	0	0.0172373268188126	0.00681181937337198	0	0.00388133199138778	0
IM_67	0.301963427108982	0.551837604899089	0.143537303446406	0	0	0	0	0	0	0	0	0	0.000812904725846708	0.00180647570378353	0	4.22841158925558e-05	0
IM_68	0.0234898293813746	0	0.452105086316872	0.380538489472802	0.103014300326817	0	0	0	0	0.0393720361606782	0	0	0.00108404658381356	0	0	0.000396211757642195	0
IM_70	0.481721536275663	0.201607443988757	0.0908425223782389	0.0597998472786524	0.0280217079316215	0	0	0.109842432760458	0	0	0	0	0.0160225421655488	0.0118667324089083	0	0.000275234812152755	0
IM_71	0.117310681539288	0.226338096454487	0.258541275387335	0.252845582548678	0.00154640684053742	0.0602742953092796	0	0	0	0.0810142843870588	0	0	0	0.00212937753333591	0	0	0
IM_72	0.14975425087706	0.211247757059661	0.383752674164378	0.136708564788704	0.0557376296429922	0	0.0317665328968487	0.0167313630349023	0	0.00963275747170009	0	0	0	0.00466847006375368	0	0	0
IM_73	0.258316113325535	0.213190621537926	0.0447243852934893	0.0879656039265809	0.100543376114834	0	0.0823871492647479	0.194100763128463	0	0	0	0	0.0102781636123599	0.00849382379606441	0	0	0
IM_74	0.164083146746224	0.172069967956913	0.314634846187137	0.165134123646052	0.137796458480407	0	0	0.0393142500478913	0	0	0	0	0	0.0069672069353763	0	0	0
IM_75	0.210829343498094	0.262622010942189	0.30213905482465	0.124691352609011	0.0548836341257065	0	0	0.0261353443812118	0	0.00949567978601142	0	0	0	0.00920357983312597	0	0	0
IM_76	0.196985273699911	0.183965886439456	0	0.21937762619055	0	0	0.205014101201735	0	0	0	0	0	0.185281768067138	0.00430376422386147	0	0.00507158017734757	0
IM_77	0.199527460752662	0.196269896033033	0	0.187987920369987	0	0.00167420126900811	0.142023882014836	0	0.0352541561682467	0	0	0.0419372366068059	0.17830722426948	0.00329686471925441	0	0.0137211577966864	0
IM_8	0.2368172877222	0.393049893062349	0.17129522435148	0.0812075096964327	0.0533571724289746	0	0.0142819875468964	0.00140437767216378	0	0.00306732632098182	0	0	0.0214334356611563	0.0164762263008059	0	0.00760955923656001	0
IM_80	0.143476632028674	0.0659220289292088	0.322044056125781	0.285600894134254	0.0434091577672981	0	0.0179060032373511	0	0.0608837555671917	0.0481689476291067	0	0	0.0100031511061797	0.00158560859790022	0	0.000999764877054283	0
IM_81	0.446096740730641	0.122291816239952	0.149231175659068	0.136549461062122	0.0352056298571648	0	0	0	0.0541985233777601	0.0355515024322234	0	0.00159228945069913	0	0.0159078908512221	0	0.00337497033914723	0
IM_82	0.122300695912815	0.315799631580627	0	0.136663253546215	0.176940277958171	0	0	0.212046694930189	0	0	0	0	0.0317955226659878	0	0.00389473950717085	0.000559183898824027	0
IM_83	0.299335516887525	0.465725897164494	0.181884161226018	0	0.00408269174122242	0.0372483814175002	0.00992666525276736	0	0	0.0012512022738534	0	0	0	0	0.000498230293321906	4.72537432968907e-05	0
IM_84	0.205532223198406	0.447563770290946	0.233842400360203	0.0418186729523793	0.00400094734412419	0	0.0426987057683516	0	0	0.0245341235663799	0	0	0	0	0	9.15651920948214e-06	0
IM_85	0.168300937744787	0.26571784142471	0.173967643476233	0.192899499388459	0.00705624783472182	0.0819457913067503	0	0	0	0.102427949560088	0	0	0	0.00768408926425192	0	0	0
IM_87	0.0503177120219352	0	0.363839652008549	0.408506152764569	0.149884720857615	0	0	0	0	0.0113072022825436	0	0	0.0155758825747972	0.000568677489990976	0	0	0
IM_88	0.404824270155445	0.230671241095968	0	0.0770963276132754	0.0846591898412865	0	0.0878555232264999	0	0	0	0	0	0.0968968213305418	0.013331227650785	0.00466539908619858	0	0
IM_90	0.885684622171129	0	0.0269193740095331	0	0.0238203267647305	0	0	0	0	0	0.00427885642801876	0	0.00790849189928632	0.0500375499301129	0	0.00135077879718916	0
IM_91	0.473379785346763	0.291740185001923	0.115654620359302	0.0237708906894966	0.0451658873010746	0	0	0	0.0189585151382133	0	0	0	0.0104044268016428	0.0201408996705542	0	0.000784789691029696	0
IM_92	0.0657379329932944	0.313243451445661	0.30751784909239	0.219166700332537	0.0335265692743532	0	0	0	0	0.0598187439623558	0	0	0	0.000988752899408964	0	0	0
IM_95	0.186294740067065	0.418390151836447	0.243520680415212	0.0765238667324293	0.0209484693628702	0.0321440221802788	0	0	0	0.0146420342507453	0	0	0	0.00753603515495205	0	0	0
IM_96	0.223421800077728	0.49304879543289	0.106313028559744	0.0116619867661958	0.0238575824524941	0	0	0.141696806710949	0	0	0	0	0	0	0	0	0
IM_99	0.15354188517959	0.225485842283976	0	0.242094359406352	0.157455559189204	0	0.0393401130912715	0.0595429195677371	0	0	0	0	0.101497512616437	0.00247924830432847	0.0185625603611053	0	0
JBLAB-4101	0.510471449267605	0.27155142515788	0.132751239195125	0.0282308032803086	0.00694156411789992	0.0128703455711061	0	0	0.00402017752028559	0.0195945098203957	0	0.0105460589340865	0	0.00302242713530726	0	0	0
JBLAB-4102	0.624495093227794	0.198961060400579	0.0716359893540818	0.00130655476357389	0	0.0428982447165506	0	0	0.00587282264532223	0.0341907102191302	0	0.0121912596831758	0.000954969468454057	0.00749329552133823	0	0	0
JBLAB-4103	0.42499760957918	0.30964333423584	0.119749375669905	0.0513640399430081	0	0	0	0	0.0138685640687026	0.0509403341853328	0	0.0231734388924748	0	0.00626330342555643	0	0	0
JBLAB-4104	0.825862497780292	0.00825601745712832	0.0869450219321115	0	0.000823480113322552	0.0242505861356541	0.00734092466359596	0.00579671903816332	0	0	0	0.000972037464332389	0.0218157927622799	0.0179369226531195	0	0	0
JBLAB-4105	0.770644999707048	0.0114950301699027	0.102406853575093	0.0225821621196796	0.00387940185534466	0.0131149895014078	0.0197674705832762	0	0.0250234108872238	0	0	0	0.0159085814584136	0.0151771001426106	0	0	0
JBLAB-4106	0.194578226181878	0.170368311385911	0.25411354360495	0.217691194940387	0.0772290464503508	0	0	0.0550717753961694	0	0.0126567847350566	0	0	0.0168608034636934	0.00143031384160358	0	0	0
JBLAB-4108	0.12277734130017	0.523563884454877	0.174104968002195	0.1098436468516	0.00584644316876654	0.00998960362238816	0.0309953672921596	0	0	0.0182266399925736	0	0	0.00285739316126479	0	0.0017947121540051	0	0
JBLAB-4109	0.159737383303114	0.573621799810261	0.167291831515624	0.0406214365965783	0.01665828788516	0.0295290123050608	0	0	0	0	0	0	0.00506369218456711	0	0.00747655639963469	0	0
JBLAB-4110	0.209219095966179	0.49291728768137	0.0992248107965503	0	0	0	0	0.185157074911161	0	0	0	0.000684288509035504	0.00726945582783321	0.00552798630787069	0	0	0
JBLAB-4112	0.391610556775911	0.350447146275186	0.167048184572056	0.031345685442679	0.0191190886963229	0	0.0244439956763118	0	0.00243238461348082	0	0	0	0.0067980619689465	0.00675489597910626	0	0	0
JBLAB-4113	0.0550390657282987	0.316804588025164	0.419927087797379	0.139355432898501	0.051610811786057	0	0.00639906194155716	0	0	0	0	0	0	0	0.0108639518230436	0	0
JBLAB-4115	0.0807003314311503	0.38019110295973	0.240133228279459	0.100262546834164	0.0256854362562395	0	0	0.173027354239258	0	0	0	0	0	0	0	0	0
JBLAB-4116	0.144631587420627	0.131398188486788	0.320941585020493	0.279408342772573	0.0954554884416614	0	0.00332195493752094	0	0	0.000375457892638637	0	0	0.0116259092330554	0.0026580098411851	0	0.0101834759534586	0
JBLAB-4118	0.444103137271631	0.100326578448267	0.0953355195056553	0.151724890536088	0.0354446651847569	0	0.0140797673403489	0.0892517986185816	0	0	0	0	0.0325372380153597	0.0184842057788754	0.00700688545860038	0.0117053138418356	0
JBLAB-4119	0.893023105005667	0	0.00639311002707156	0	0.0441857349040916	0	0	0	0	0	0	0	0.000311050033701232	0.0518799809494073	0	0.000659369350863814	0.00354764972919782
JBLAB-4120	0.0208139214227659	0.364056259695887	0.282663867373319	0.218635723796574	0	0	0.0889993659764759	0	0	0.0240924786919165	0	0	0	0	0	0.000738383043061373	0
JBLAB-4121	0.66825454508629	0.0709731523195974	0.0621486111474741	0.0526022595991078	0.0535506569554572	0.00399265859260259	0	0.0355202912216698	0	0	0	0	0.00878068355873365	0.03109043021352	0	0.0107219627472617	0.00236474855828621
JBLAB-4122	0.0259705564413575	0.3881073651085	0.2583226783258	0.230915092604557	0.0591432555717279	0	0	0	0	0.0289158430569471	0	0	0.00862520889110985	0	0	0	0
JBLAB-4123	0.0779451446851521	0	0.388197047639712	0.284304862318311	0.0509598091753191	0.161867718110511	0	0	0	0.0367254180709952	0	0	0	0	0	0	0
JBLAB-4125	0.602883079239101	0.187524693391912	0	0	0.0805880682903173	0.0553666548174478	0	0	0	0	0	0	0.0334692510197157	0.0331607367175503	0.00700751652395624	0	0
JBLAB-4126	0.487750259980495	0.226654360969258	0	0.0485185704708209	0.0836699022051493	0	0	0.0973669930312466	0	0	0	0	0.030947311152169	0.0196427577363372	0.005229433988664	0.000220410465859966	0
JBLAB-4127	0.468334430251589	0.329146771950271	0.086483995057692	0.0802391253824067	0.00668065140488149	0	0	0	0.00666607194260456	0.0179111974641837	0	0.0045377565463712	0	0	0	0	0
JBLAB-4128	0.130763047876629	0.395123912835288	0.176927285286579	0.129456872505493	0.125720743359173	0.0319286996248131	0.00100905875256085	0	0	0	0	0	0.00812501501763061	0	0.000945364741834385	0	0
JBLAB-4129	0.21961718988035	0.193906088573499	0.154985634186219	0.160352340149313	0.0839328846756075	0	0.0140308740308268	0.158742424658087	0	0.00479673795584007	0	0	0.00438486743076438	0.00270373716243221	0	0.00254722129706069	0
JBLAB-4132	0.380513752311116	0.18959964437887	0.056011670344465	0.106222269254517	0.11576565748318	0	0.0432275024364089	0.0661756303938353	0	0.00925399563956325	0	0	0.0245646360651986	0.00650435968262856	0	0.00216088201021742	0
JBLAB-4133	0.557045694318684	0.122241870239996	0.0323357762974	0.0697646511689985	0.0621204265675595	0.0419193024240664	0.061402469186077	0	0	0	0	0	0.051370916289591	0	0	0.00179889350762829	0
JBLAB-4134	0.173165768588755	0.0772532018006467	0.226008165913702	0.289984571710831	0.0846025879150742	0	0	0.115176748987156	0	0	0	0	0.0268250941052555	0.0031563327399293	0	0.00382752823864934	0
JBLAB-4135	0.427995075517369	0.456118853178567	0.114721124245338	0	0	0	0	0	0	0	0	0	0.000857084444736621	0	0	0.000307862613989124	0
JBLAB-4136	0	0	0.377483448061309	0.398246845503779	0.0504135277757674	0	0.0247047831715519	0	0.0478766509181391	0.0748696469166074	0	0.0264050976528464	0	0	0	0	0
JBLAB-4137	0.203805565910099	0.126818483707415	0	0.240370111384705	0	0	0.166099785114838	0.07897833806566	0	0	0	0	0.177913255392732	0.00558709766062355	0	0.00042736276392842	0
JBLAB-4138	0.297976285744265	0.198203438398368	0	0.172414351071458	0.0599786327214617	0	0.0726887068002829	0.0801175657406137	0.00118252442519526	0	0	0	0.106182049008138	0.0112564460902186	0	0	0
JBLAB-4139	0.290724106291627	0.31340718699084	0.13074282637173	0.150755617648983	0.0594799813560194	0	0	0	0.0176348048411905	0.00907603582523974	0	0.00236105673673303	0.016700898893552	0.00911748504408532	0	0	0
JBLAB-4140	0.299078374035113	0.414678879640154	0.112976577777322	0	0.039783348788011	0	0	0.120605280144789	0	0	0	0	0	0.012877539614611	0	0	0
JBLAB-4141	0.0827727415418989	0.0490824155386175	0.516141763086471	0.211067680373701	0.0385199371723707	0.0580500964062684	0.0427446522040607	0	0	0	0	0	0.000863461634312762	0	0	0.000757252042298979	0
JBLAB-4142	0.305339684640726	0.237110849037578	0.196945891470842	0.0875260832682973	0.0572059267245469	0	0	0.0850559250185332	0.00360312579129737	0.00714014820045204	0	0	0.00575713334036371	0.0143152325073641	0	0	0
JBLAB-4143	0.0356210839796134	0.112611297108628	0.214897574286315	0.421737895294921	0.0191169341984703	0	0	0	0.058278815100731	0.106511309907806	0	0.0304582459211605	0	0	0	0.000766844202354606	0
JBLAB-4144	0.523368926646551	0.116530805110818	0.161380299150017	0.0805237764950527	0	0	0.0379894381089007	0	0.0703922251648904	0	0	0.00644382495484184	0	0.00218052376517496	0	0.00119018060375334	0
JBLAB-4145	0.452256795833638	0.300886183901977	0	0.0312913797383111	0.120938050554047	0.0209297596335198	0	0	0	0.000634232578849374	0	0	0.0321756240922172	0.0254288708766231	0.0154591027908176	0	0
JBLAB-4147	0.225441476736867	0.379946099476057	0.309375261452866	0.0210803772811569	0	0.0382040576647814	0.0216144619037038	0	0	0.00430165522914245	0	0	0	0	0	3.6610255425615e-05	0
JBLAB-4148	0.0969889817691012	0.224167607845047	0.233972109827433	0.277610691386461	0.0714645071193033	0.0508373916669009	0	0	0	0	0	0	0.0328866089232615	0.002210896138679	0	0.00986120532381334	0
JBLAB-4149	0.0531996697949851	0.129249780986507	0.27809932016279	0.236153411878828	0.142348858878292	0	0.0244778510965646	0.121459163050134	0	0	0	0	0.0130785124816006	0	0.00193343167029979	0	0
JBLAB-4150	0.0514341394527238	0.115216583892207	0.289419597050011	0.205699138333747	0.140431083708946	0	0.0272045560589318	0.156157863586563	0	0	0	0	0.0122584132149334	0	0.0021786247019378	0	0
JBLAB-4151	0.699134577109941	0.150396736165944	0.074898943414273	0.0203322909180004	0.0167569877374337	0.0239128592129646	0	0	0	0	0	0	0.000674114800784026	0.013893490640659	0	0	0
JBLAB-4152	0.400877478478187	0.255779452657184	0.154401741867644	0.0510463009923894	0.0688915623578205	0	0.0164842673907618	0	0.0330128528867458	0	0	0.00629377929679362	0	0.0132125640724739	0	0	0
JBLAB-4153	0.501344143903386	0.247087169289731	0.107647719845747	0.0300145907404218	0.0545984135294585	0	0	0	0.0419535098715434	0	0	0	0	0.0173544528197116	0	0	0
JBLAB-4154	0.450618980390933	0.290228888431362	0.133872129580698	0.011566450317358	0.0494118301126806	0	0.000937441244192712	0	0.0309840416350592	0	0	0.00791346780986197	0.00500524609442604	0.0194615243834286	0	0	0
JBLAB-4155	0.0566780866006591	0.626503087891792	0.199712484825456	0.0614025321185809	0.0301382199829658	0.0152152160531506	0	0	0	0	0	0	0.00408385477589049	0	0.00539085325938757	0.000875664492117342	0
JBLAB-4157	0.237411037207734	0.247483572585338	0.0298733200291906	0.0781737776407064	0.0593271750120638	0	0.211380199443399	0.0550791623787922	0	0	0	0	0.0734583995818084	0.0078133561209667	0	0	0
JBLAB-4158	0.195479261716967	0.317872250374344	0.16810373413656	0.120674698830358	0.0303934436973116	0	0.0115319229215986	0.122659582254947	0.0289079370663177	0	0	0	0	0	0	0.00437716900159647	0
JBLAB-4159	0.00110373677719048	0.709711546480322	0.153030620414819	0.0757342931298079	0.0339474012166354	0	0	0.00399832692744247	0	0	0	0	0.0129603469053875	0	0.00951372814839533	0	0
JBLAB-4160	0.189176360296273	0.409370720549732	0.143031146695535	0.0548802053263258	0.0349588272639037	0	0.00782565382688806	0.154001526151697	0	0	0	0	0.00126809138072981	0	0.00548746850891504	0	0
JBLAB-4161	0.234269584434299	0.400266272074458	0.137999030483126	0.0718465569017031	0.0170028326218434	0	0	0.13766779735966	0	0	0	0	0	0.000947926124911085	0	0	0
JBLAB-4162	0.173068471519442	0.354700508294689	0.240735135721745	0.0622496327619991	0.0100455204836146	0	0.0281175478127909	0.120098259849057	0	0.00640490749152695	0	0	0	0.00458001606513534	0	0	0
JBLAB-4163	0.193726711928819	0.490509343934385	0.241331906185682	0.0152254724762883	0	0.0363733495016323	0	0.00869239502632876	0	0	0	0	0.00324042857494184	0.00801652373410614	0	0	0.00288386863781623
JBLAB-4165	0.247877549234692	0.438575447162784	0.11281745158795	0.00475314540235384	0	0.172701248846569	0.0163647711112953	0	0	0.00470884803178339	0	0.0021597570726141	0	0	0	4.17815499587185e-05	0
JBLAB-4166	0.265403052839892	0.565305073308001	0.154969035329029	0	0	0.00837620680639678	0	0	0	0	0	0.00589874653412439	0	0	0	4.78851825571834e-05	0
JBLAB-4168	0.203924782546488	0.234998432002709	0	0.135869754889811	0	0	0.0822997996140618	0	0.174063929122555	0	0	0.0330237709944697	0.123139168106593	0	0	0.0126803627233117	0
JBLAB-4171	0	0	0.452188048202358	0.386980621877013	0.132923643952742	0	0.00332122205596967	0	0.0014603103429674	0.00853203919647573	0	0	0.0145941143724739	0	0	0	0
JBLAB-4172	0.474566846694544	0.224530735274462	0.0657622085022638	0.0579184228555314	0.0248292276435177	0	0.0620700958135995	0	0.0567164722433056	0	0	0	0.0175801910286579	0.00872559971253794	0	0.00730020023157999	0
JBLAB-4173	0.15613147742199	0.470888534783328	0.189755594544612	0.021292190401861	0	0.0828156648067127	0.0770476612137185	0	0	0	0	0.00199796225403889	1.07495898250995e-05	0	0	6.01649839139239e-05	0
JBLAB-4174	0.0173544876042087	0.309611044802496	0.203752012871109	0.304510131287258	0.0486308162275124	0.024619461443756	0	0	0	0.0915220457636598	0	0	0	0	0	0	0
JBLAB-4175	0.0728941934864731	0.522566638827055	0.192900842426358	0.135985520600999	0.0457165989236062	0	0.0108209032991944	0	0	0.00827727587627982	0	0	0.00354627524056393	0	0.00725730789689621	3.44434225749349e-05	0
JBLAB-4177	0.15213264298218	0.20682606539816	0.241370240738873	0.190212995414541	0.0887971403534587	0	0.0536319480255425	0	0.064267762492314	0	0	0	0	0.00276120459493083	0	0	0
JBLAB-4178	0.130837339103087	0.344511166037052	0.246261512166852	0.125453931535306	0.0470255794968569	0	0.0579923984204992	0.023457640560904	0.0166171025990666	0.00168986369339832	0	0.00533508950143087	0	0.00081837688554691	0	0	0
JBLAB-4179	0.220149795404447	0.285700046489127	0.0949218757433681	0.260408163374215	0	0.0294915301757385	0	0	0	0.109328588813106	0	0	0	0	0	0	0
JBLAB-4180	0.230618805617999	0.316983790100057	0.185644977802474	0.0389389937828376	0.0651391523278586	0	0.000340888570916243	0.156869046350743	0	0	0	0	0	0.00546434544711559	0	0	0
JBLAB-4183	0.234147771352133	0.178537484801686	0.274784199403956	0.204280988633128	0.0661267969878798	0	0	0	0	0.012699712534007	0	0	0.0136018536872036	0.0102270166579785	0	0.00559417594202793	0
JBLAB-4184	0.553517530039059	0.175877358823224	0.0547858931032786	0.0425826243069899	0.0160558836854329	0	0	0.099966555665501	0.0207217908539307	0	0	0	0.00811910002274761	0.0256660660949776	0	0.00270719740485827	0
JBLAB-4186	0.0638943746122342	0.491942064090149	0.168415267943891	0.147785796812512	0.051882051923664	0.0408915806487754	0	0	0	0.00534677320881664	0	0	0.0223968646272871	0	0.00744522613267154	0	0
JBLAB-4187	0.0709889958746381	0.500548557136562	0.149611401763701	0.154570889082074	0.0682544918567366	0.0351924783635417	0	0	0	0	0	0	0.0203539204305454	0	0	0	0.000479265492200767
JBLAB-4188	0.0914881158123648	0.596866426623526	0.0972460558326748	0.0713740012059957	0.0481111199670045	0	0	0.0708179431827862	0	0	0	0	0.0228741967857042	0.00122214058994424	0	0	0
JBLAB-4189	0.0323606948879939	0.608940368070097	0.151306935140048	0.111728868259119	0.0718659871682126	0	0	0.00211770647188206	0	0	0	0	0.0216794400026476	0	0	0	0
JBLAB-4191	0.142133691786998	0.476950529806461	0.24581679919024	0.0615981746527545	0.0569531193783487	0	0.00320667640641021	0	0	0	0	0	0.00640951374674933	0	0.00693149503203844	0	0
JBLAB-4192	0.572650155485051	0.105341479571203	0.00978023580941747	0.115988422674684	0.0795085586281878	0.0126150606056225	0	0	0	0	0.000160898947876459	0.00837286349380043	0.053287345789189	0.0358471238509138	0	0.00644785514405489	0
JBLAB-4193	0.375314352506062	0.167656786516937	0.159682733210809	0.168657787171372	0.0665340682480221	0	0	0	0.000795575887063697	0.0401069495773049	0	0	0.00636722613022262	0.0094969639556806	0	0	0.00538755679652553
JBLAB-4194	0.448551933522118	0.0686286571315686	0.121656182485515	0.135188100823393	0.0275523479806044	0	0	0.158060842785645	0	0.0131240921207364	0	0	0.00894078507479827	0.0182970580756212	0	0	0
JBLAB-4195	0.0798966821746698	0.228901808412303	0.100982263771051	0.446790455959887	0	0	0	0	0.00499856109951743	0.13706251075051	0	0	0	0	0	0	0.00136771783206182
JBLAB-4196	0.0600729222021392	0.31460389122227	0.135931927554417	0.340368440276388	0	0	0	0	0	0.145525332933079	0	0.00291275848531364	0	0.00058472732639297	0	0	0
JBLAB-4197	0.153234689534919	0.225272417517067	0	0.178274932061718	0.0124010223955044	0	0.211013597682495	0.0463295132778189	0.00146859310662745	0	0	0	0.154590137902463	0.0029236219545732	0	0.0144914745668142	0
JBLAB-4198	0.266886108340391	0.0979583508628411	0.144813829986679	0.0498203819920873	0.00855362988424791	0	0.0594107464699238	0.358764401718624	0.00134273901824385	0	0	0	0	0.00442179790567806	0	0.00802801382128487	0
JBLAB-4199	0.0697937282203465	0.108782070479321	0.310477581440823	0.360975952137477	0.0841549735202624	0	0	0	0.0280198363935799	0.0230652114722202	0	0	0.0147306463359701	0	0	0	0
JBLAB-4200	0.110572404995556	0.575868828241555	0.194347525349346	0.0492957533804447	0.0349262030658675	0.0101347841353316	0	0.0189403137428662	0	0	0	0	0.00577142863929152	0.000142758449741316	0	0	0
JBLAB-4202	0.226571354042159	0.194974363630155	0	0.1937713083212	0	0	0.154786944726526	0	0.0481284161257838	0	0	0	0.158458815269884	0.00690896305028524	0	0.0163998348340073	0
JBLAB-4203	0.654457711223321	0.0889252158676425	0.115945032020611	0.0204758403178923	0.0135904023281175	0.0273643842481009	0	0	0.0191451381919392	0.0260461655343947	0	0	0	0.0340501102679818	0	0	0
JBLAB-4204	0.186595733525439	0.379040075269725	0.130898928152385	0.131435548218699	0.0750703519876998	0	0.0446008825884267	0	0.0271594110745529	0.00109857181924273	0	0	0.0194913634687153	0.00460913389511542	0	0	0
JBLAB-4205	0.28811418054285	0.330750414681826	0.0759509090495291	0.10594278701063	0.0724523270514497	0	0.0423583434666514	0	0.045390422677397	0	0	0	0.0300631659961022	0.00897744952356536	0	0	0
JBLAB-4206	0.197105961988825	0.206796571584349	0.0422404581571683	0.0794472709110581	0.124608968738105	0	0.143351228087524	0.179692526525601	0	0	0	0	0.0267570140073706	0	0	0	0
JBLAB-4207	0.783926613183627	0.0232422120799118	0.0039347043262754	0	0.0156004834136538	0.0646685279180447	0	0	0	0	0	0	0.033231584746995	0.0446540606881098	0	0.0305385701173025	0.000203243526079566
JBLAB-4208	0.585510311359549	0.111625876504607	0.0942857621177602	0.0267565585417884	0.00127581969038788	0	0.00807276696778304	0.110791214772108	0	0	0	0	0.0415999953126144	0.0196562227102058	0.000425472023195402	0	0
JBLAB-4211	0.312629539291992	0.431041480390592	0.019045482305085	1.96116246770379e-05	0.107706157672123	0	0.00796803654627075	0.118517164568287	0	0	0	0	0	0.00307252760097356	0	0	0
JBLAB-4212	0.0324625690437555	0.523062769357309	0.158785945931775	0.133331228295221	0.0869049483593579	0	0.0397275306504841	0	0	0	0	0	0.0224559611648462	0	0.00326904719725183	0	0
JBLAB-4213	0.0479944117057135	0.222764472941388	0.33863220862432	0.284767322174288	0.0650454288126986	0	0	0	0	0.0293030141975751	0	0.0100383681000879	0.0013360833825954	0	0	0.000118690061334065	0
JBLAB-4214	0.494504901008881	0.373879921627084	0.118592978537668	0	0	0	0	0	0	0	0.000824732145951788	0	0	0.0121661544910609	0	3.13121893543794e-05	0
JBLAB-4217	0.404724802022274	0.286630059387432	0.0921324078311865	0.056501213165039	0.0748228500212743	0	0.0820865572887171	0	0	0.00184729009252567	0	0	0	0.00122266983968339	0	3.21503518682342e-05	0
JBLAB-4218	0.107856363415867	0.260379848226069	0.237806998899508	0.20658970019865	0.0452241693741206	0	0.117112686256535	0	0	0.0217953410609376	0	0	0.000369881237737582	0	0	0.00286501133057473	0
JBLAB-4219	0.287736286486228	0.141713980363997	0.200451098666987	0.192319268030395	0.0534885474210817	0	0	0.0765842921919296	0.0218466075841015	0.000532322828741909	0	0	0.0158905966048046	0.00886500409694887	0	0.000571995724784402	0
JBLAB-4220	0.179327567281264	0.143102438834028	0.244762934764142	0.144467789390783	0.103517574644655	0	0.0311889586519671	0.142744860306701	0	0	0	0	0	0.00435196385145107	0	0.00653591227500898	0
JBLAB-4221	0.437018139001222	0.131685872664149	0.182662376529608	0.110505734064187	0.0410470863086229	0.0722899219885024	0	0	0	0	0	0	0.0155432014844322	0	0.00924766795927676	0	0
JBLAB-4222	0.252113757737924	0.311301460528784	0.0462259005602313	0.0365005533228364	0.0653501266865074	0	0	0.244265840847839	0	0	0	0	0.0256694933939448	0.00395000815907915	0.0135650313742168	0.00105782738863628	0
JBLAB-4223	0.108002624562319	0.249893554089272	0.262225193308728	0.131625133316328	0.0615981949673388	0	0.166639055243676	0	0.00239353112889799	0	0	0	0.0176227133834391	0	0	0	0
JBLAB-4224	0.172435162644827	0.402223810093667	0.141995304894118	0.0934301793103352	0.0683811359638959	0	0	0.0974317694004533	0	0	0	0	0.0224984635943496	0.00160417409835394	0	0	0
JBLAB-4225	0.58668937679506	0.188133669575483	0.0167104554656609	0.0391370768938022	0.0956491842512771	0.00725684971607946	0	0	0	0	0	0	0.02789027240487	0.0344042073386077	0.0041289075591601	0	0
JBLAB-4226	0.0518040382966936	0	0.177550650576933	0.440645537973746	0.260345381843688	0	0.0040894457012034	0	0	0	0	0	0.0611683378913252	0	0.00339793217730344	0.000998675539107026	0
JBLAB-4227	0.341483769518534	0.412017428044636	0.0367661311742163	0	0.0476784197874439	0	0	0.144367467381388	0	0	0	0	0.00549751505222571	0.0121892690415566	0	0	0
JBLAB-4228	0.16238604389912	0.244720290113669	0.182310737856189	0.198897277849637	0.0853405375981635	0	0	0.109448513869256	0	0	0	0	0.0107775698024174	0.00415568681324324	0	0.00196334219830547	0
JBLAB-4229	0.483118131311961	0.225371177765534	0.145591642483375	0.03331802602543	0.0749969302522058	0	0.00827603824195311	0	0	0	0	0	0.00466734787492266	0.0184560092757052	0	0.00620469676891374	0
JBLAB-4230	0.341677664073289	0.287019866479426	0.00671659021160974	0.070169962935958	0.0536094462800059	0	0	0.1884885935298	0	0	0	0	0.0398238745076771	0.00953677081754435	0.00295723116469023	0	0
JBLAB-4231	0.421877203134955	0.433709723813787	0	0	0.101935101595027	0	0	0	0	0	0	0	0.0203143464684283	0.0221636249878027	0	0	0
JBLAB-4232	0.239252113525406	0.252571262078557	0.0699539315657352	0.0242585883171405	0.00936287336903239	0	0	0.387657842242127	0	0	0	0	0.0141754087143134	0.00276798018768945	0	0	0
JBLAB-4234	0.380073904641111	0.210906034482331	0.0383373811870377	0.142273929245137	0.11024391960563	0	0	0	0.0884411954828065	0.00381975481533209	0	0	0.00704261180260286	0.0165722167468972	0	0.00228905199111472	0
JBLAB-4235	0.419300118123608	0.313465269030135	0.0666770797728827	0.0264579417115018	0.0443130627253952	0	0	0.119102071204526	0	0	0	0	0.000547874776883327	0.0101365826550689	0	0	0
JBLAB-4236	0.241337651825408	0.245241030331607	0.197889380638839	0.20575699921495	0.0631304362438634	0	0	0	0.00973110599672841	0.0178269790597278	0	0	0.01477506147743	0.00334458778594681	0	0.000682976934956544	0.000283790490542125
JBLAB-4238	0.170836687964093	0.138744364092931	0.273531303734313	0.302585365444688	0.042547016333596	0	0	0	0	0.055486024690083	0	0	0.0128055524656943	0.00273082416733222	0	0.000732861107268892	0
JBLAB-4240	0.471971450478381	0.200291162391952	0.147759938611178	0.086387351286764	0.00557649742009095	0	0	0.0510805413642355	0	0.00606282923658075	0	0	0.0146605253753964	0.0159858971053291	0.00022380673009291	0	0
JBLAB-4241	0.424735973440658	0.1798168899438	0.111026518030058	0.0830072169902783	0.0271892290646693	0	0	0.127790291318241	0.0271050656098511	0	0	0	0.00541425803400383	0.013914557568441	0	0	0
JBLAB-4242	0.24844227731256	0.51688721989676	0.137093899994048	0.0144645777205817	0.0514731559536581	0	0.0015472219880314	0.0103983184909416	0	0	0	0	0.00599519332819999	0.00380693593603757	0.00989119937918162	0	0
JBLAB-4243	0.826062620884238	0	0.0204206250304457	0.0447055895597806	0.0119034444560052	0	0	0	0.015267466920961	0.0121974178605911	0	0	0.0212509775002994	0.0367528487967681	0	0.011439008990911	0
JBLAB-4245	0.0363780840393855	0	0.254195780808665	0.483753265426579	0.0251477739089815	0	0	0	0.0139659465069126	0.15497624571162	0	0.0312176228438309	0	0.000365280754024991	0	0	0
JBLAB-4246	0	0.40959535989664	0.33054096668276	0.150337455851954	0.0429236547398042	0	0	0.060887738322642	0	0	0	0	0	0	0.00571482450620041	0	0
JBLAB-4248	0.28665061298883	0.493508447112054	0.124276561254848	0.0475585443311534	0.0267552799611853	0.0014524403741897	0	0	0	0	0	0	0.0091867564587	0.0068065636861597	0	0.00380479383287927	0
JBLAB-4249	0.175072326130296	0.584371369342438	0.0813672773507528	0.0694925375917249	0.0452653794479105	0	0	0	0.0444311101368778	0	0	0	0	0	0	0	0
JBLAB-4250	0.491277689663166	0.360876595100135	0	0.0107760721485838	0.0791146722566615	0	0	0	0	0.00318854195590756	0	0	0.0273214787165919	0.025419879306981	0.00202507085197329	0	0
JBLAB-4251	0.324892342295242	0.0701409599015208	0.2279992542842	0.167246108817319	0.0806588915100987	0	0.0534635930042112	0	0.0508516662650515	0	0	0	0.0154562047531958	0.00929097916916149	0	0	0
JBLAB-4252	0.712781500339051	0.0908779149004558	0.104613464145238	0	0.00205971594414795	0.0423990237900999	0	0	0	0.00615717069907544	0.00933704864525878	0	0.000634782260727977	0.0311393792759447	0	0	0
JBLAB-4253	0.138456730619808	0.15382201705542	0.235593318335714	0.296362039073635	0.0782285597133417	0	0	0	0.0531706855839439	0	0	0	0.034236435763904	0.00403321069297344	0	0.00609700316126022	0
JBLAB-4254	0.11100097726108	0.464875551656586	0.161876069112941	0.0764484106308147	0.0467996982638801	0	0	0.138999293074697	0	0	0	0	0	0	0	0	0
JBLAB-4255	0.750540280497929	0	0.0609303476748751	0.0463769295995569	0.0230189653322569	0	0	0	0.0302138704334145	0.0286060138886379	0	0	0.00417464517364304	0.0418488816549144	0	0.014200343695359	8.97220494130387e-05
JBLAB-4257	0.475413480461774	0.0388220800962558	0.00689712761695325	0.193384421713076	0.0110098759957013	0	0.0335903939836051	0.0876280733530077	0.0131132002308048	0	0	0	0.0355174604741264	0.0249718995169931	0	0.0796519865577024	0
JBLAB-4258	0.320300097033247	0.0883301642524361	0.130934850891797	0.189436664602404	0.00964215710785402	0	0.00519116083879258	0.15540429363314	0.00942586505507341	0	0	0	0.0351987981981455	0.015118507778848	0	0.0410174406082628	0
JBLAB-4259	0.0510620024942231	0.287980603842699	0.416892133025235	0.129645554013234	0.0529858539539013	0.0531352652400919	0	0	0	0	0	0	0.000546864362615105	0	0.00763554259575067	0.000116180472249572	0
JBLAB-4260	0.180625560010598	0.298352719861415	0.207414819391108	0.180744298008872	0.0606686201417303	0	0	0.0275455337247559	0.0163195626105955	0.00996669863486974	0	0	0.0103244839475479	0.00397331596010918	0	0.00406438770839852	0
JBLAB-4263	0.148523937699218	0.234958346610012	0.232998923841569	0.18726007518191	0.0850087346763298	0.0984287754919936	0	0	0	0.00410531702792319	0	0	0.00762258813751172	0.00109330133353286	0	0	0
JBLAB-4264	0.125342080719323	0.270321805086393	0.228815393650214	0.165618396364559	0.0950514326312885	0.0871698010506849	0	0	0	0.0143233395051175	0	0	0.00654889506381051	0.00325828180858763	0.00355057412002247	0	0
JBLAB-4265	0.133510560878502	0.305400329591036	0.231102996338316	0.16492963591604	0.0823708106581708	0.0713717120499176	0	0	0	0.00355789377569765	0	0	0.00775606079231991	0	0	0	0
JBLAB-4266	0.450836679468901	0.0249240349383212	0.261081284614059	0.0736424746769702	0.0294658214637118	0.141785364461237	0	0	0	0.000963271320326775	0	0	0	0.0173010690564733	0	0	0
JBLAB-4267	0.279415146620097	0.189565078099274	0.0925549363835209	0.0561811686131956	0.0112242237271029	0	0	0.348821248267331	0	0	0	0	0.0165791156721424	0.00495454430614065	0.000704538311195236	0	0
JBLAB-4268	0.547401676151536	0	0.179826492251245	0.109485038645898	0.0396917583508806	0	0	0.0703204156911663	0	0.0154187862649577	0	0	0.00406379133741549	0.033792041306902	0	0	0
JBLAB-4269	0.427111907855587	0.0806199166663144	0.120312527481005	0.0980326077702576	0.0849435793693084	0	0.00283614071919283	0.156163319836037	0.0102943850631632	0	0	0	0	0.0169259311636522	0	0.00275968407548182	0
JBLAB-4270	0.0533925672703206	0.368800977986366	0.218243493930888	0.172442695053384	0.0217353981263291	0	0	0.165384867632713	0	0	0	0	0	0	0	0	0
JBLAB-4273	0.522091463842482	0.161600800692587	0.0629973288342717	0.0245959865486683	0.0561905893978582	0	0.031000041399272	0.0933404068650361	0.00248506066745702	0.0151873211188201	0	0	0.00944150191593933	0.0210694987176083	0	0	0
JBLAB-4274	0.407664236639056	0.200488405219435	0.215525427377579	0.0577182098505686	0.0274227395044791	0	0.0476306500001491	0	0.0399823888033856	0	0	0	0	0.0035679426053481	0	0	0
JBLAB-4275	0.43658065109802	0.174415742866977	0.204521279735365	0.096601130288542	0.0271318336964691	0	0.0171885143349418	0	0.0327237459701074	0	0	0.00215847770144345	0	0.00616664178590384	0	0.00251198252222997	0
JBLAB-4276	0.189740896648557	0.307881425387565	0.136021712993654	0.174468790760544	0.107655505846227	0	0	0.0433580458622802	0	0	0	0	0.027330234017024	0.00497767000586675	0.00366319291771236	0.0049025255605699	0
JBLAB-4277	0.0461447701637813	0.10596324144511	0.56701524463591	0.188805727112328	0.0654987497113604	0.0138130237627057	0.00669431921044574	0	0	0	0	0	0	0	0.00606492395835899	0	0
JBLAB-4278	0.0461567755888937	0.0987834376057927	0.582231411945434	0.180588811450046	0.0585892732240935	0.0335798737789745	0	0	0	0	0	0	7.04164067661457e-05	0	0	0	0
JBLAB-4279	0.266085948717792	0.50781796192209	0.033623099980532	0	0.0522975329113503	0	0.00091715593099152	0.121088308392313	0	0	0	0	0.000415648420895529	0.00552264849574592	0.00267787822367475	0.00955381700461431	0
JBLAB-4280	0.262362424895893	0.210687260227286	0.0779181882656066	0.140101242042514	0.0453249606421441	0	0.100596615380036	0	0.11998621024001	0	0	0	0	0.00428186343074947	0	0.0387412348757607	0
JBLAB-4281	0.776289701908369	0	0.0159225108607389	0.0536537880892773	0.0259360443412684	0	0.00998708438797891	0	0.038948448974528	0	0.0389919649250417	0.00481056316642888	0.0212232719912551	0.0109723141921479	0	0.00326430716296626	0
JBLAB-4282	0.282668272317042	0.423127525765041	0.161878510563883	0.0474985815701062	0	0	0.0848047531565462	0	0	0	0	0	0	0	0	2.23566273826353e-05	0
